$ANSIBLE_VAULT;1.1;AES256
34666136386238386630323163353362316262393361356232656563363730343438343763613563
3835376637643861613765323436376431353931656631370a393762643661616165633766363534
34393536643331623561623965393462353561333462613339353361323862663738383863343131
6364363930613137610a626664613232376532363930646363613236323134326436303066613863
61336137316436663762636361326266623031633035313633336661616665313164336634663665
35363065343236633533653865306639313163316635353831656333383462313663653031646665
33313831363561666134626562346437643264646361393661646164623965323864663966363832
38613931353065626237393434333730373530356231616331623134333136636134366439306239
63656632613365366230393433656562633536373866393730656633353663343435623132626232
32623935663339303239353834363362306337313336373130653765383730333438656435643966
30336639306566393830626538616636326165613636656165316563336534623235383438323734
30633933623936366366383561373336636434323134613836643464663139636466366137373230
38393337333431653761333066376436323034613363346234666164323738333734303539663662
39613235393037336162393464326161323836626362663764636465343934393435326137316663
61323863343833663130313461353131643335646464373064316435326634343265343736666566
33633730623566613339316334363438636366313437306665363133623936316337323862663239
66323437346634373534373162353738383962376162666636633438623633343938333738333130
31646331343761646465326635363361643236383764623361323765663632376666376135313638
39653063303639643663636139363736396137373336366161613939376661613130653163633931
64303662396532663835306537373836333734336163636531643366313334326264353839333934
36363632613434396538373836306565383534353465316334616264373134373331663766663536
66653836386134323263663461623730373139383038633037616235623838376637616338386163
31656136363064383339383837376566376535386565303534643231633462333366306166636330
37336133326464366630346336646631303935353833373632313435653161376133633839396662
31376263326332333834353265616362343732373862633266306337623535316661643361363265
34343563666234333833396565323737313032343138383862333532366531643237323566613166
62643966313531303962613032366331646530376563313638353464616363643164643538366166
39313163356631363362383734666463353039626662373336366333626436623430303436346132
38383337623464373932313866663164343130663139363137393762643065386237633666323737
33633738376333653336633633363261333037636565366537643130316537353332323834346439
35333364356137326432613434646239323865666431346432643166373964616534643235613134
31363536646536303833306430313931313937386437616366656563663436613364333434643234
30353733613331313961363238623731613232306262636361363636623737303531643964646630
35373661326636306335386462373437666333373364383330336239313430316361616564346638
63363036316436386536326639623535643836303364616439613032383865316461373732633163
64386563353834623730653337303662626636313137653837663136306565356436633365363838
38343233323663326635396333616530313764646632633166663861336231353762333566656531
64356532346361323866633865376463653433306639633462343634656364346330336639303161
39613463333362663632386136343233616436623231643335343565386631653965386136383232
61376333396432616633653865343864666562316239616335306236613030343437643533626139
35356634323538386363383932653535366537343837643565653262303731333533613638363337
65633066616562616564393333383833643564353933343561376566646164303463343562663230
31653239636338353963306335316562616364346339346436626332643035323366386439616631
65386565623963303866636433356430653833636464326462666635613736646133366534653439
65333866646333653236356565666261636532363737313164313234386336666465633139356135
36363031353638336163633138613564373234666166663632646662353830366366303464633666
35613830613363393432356337653765386135383966393665613066393730653038303362613031
32636164303663333065363730336534363135646637313832623534306438613635663636646366
31393633633261616632653437373661643934363739653163333832626363356163303865393661
33623137633933363830653439393466333334623334353166343735663162333938306665373565
37616331613930653266616463323035393636303731666164336132343535373166333733393636
35636631663661643765336539633563373139356339333135313266613362336334656431343239
32663130356162613264353630386639336336663664626664326635333938643565313337343433
31373131623835326564326132633639356161313866356265626437653931333239653630636666
34633831356330663832363565326664313061653438383963613034333263643932346536376133
63656263336134393031353263663961393761663739633434653063333563306137343161616465
61396237396433336531623035376438346464373434363532653535623261663030333538663366
62383737383830376630313731336437383135363761373530353932393436306666613261663565
33323665393539633066656637336362393933363030643633393166393532353463306436383333
37323739353430343432663336643333353432356430303935393138356230396635356261646161
39363830353235316136326462316262316366666465313630313463633438343533393565663765
35636239643566396366393763326336363865393632343633623532653430363837316639626266
34616637383661643036633636396266366630643331343337396230306137636531616165663862
30623236323762393839643435613836636461643937393639613730373666316134643739366235
36613731616438303764376239383863663433396366666565313637303434643666363739396535
36343566313662643834663862393137326238373633376134383733386464363663643537613133
32386633356135646433343638376265323763353766323533303338373234626535613666363533
39663364383633316632386130653333663364393138333966653263376164323936343035623763
30663262656339366435313633383536366334313133316631346461313232306438383131336466
30653331663831356265363634323763643734663863333339316565366233323739633937356537
66653962303762323263303936363038393766393239613937333564303439303430643461666436
38613231333330363436346234333535636163336239666263363065663739633835396532643362
39653865396466393166663364313563363164653431666661363130663438646533316638353439
63373165356531373433313936373862356362616361353765663937343436666261643731626437
39326434383534633565636439653464363639643764396537326231666662666134353830373165
65383561316164363735633666356537666432343338623633393839393131666132373263356566
31376633633764366333323438663966376332626532353336613539363966643833643737343736
37373831663163663437303366646162633534336163616465633362383132636461366631366562
66616463376264613063356131303934326439303064613036316230383633316638613530336263
35306234396434353666336666393132353066666536386265356132303637656536363064313366
66353433646463333636626566363462316264663238626636356664303736613563396438393130
39383237396537363936343766386266626138353462633966353838393839666233303737626363
62323031666538376462626133663234363838313331643463323962346232623139316565366563
38356633666237366339393964653661346130323961343937663839376663643539353937353132
38653761386134393139623338653561353561373562633737663863616562346565386337623263
37393066643265666437393833343362366637653637616463643738643535363033316265333030
36363436393666393134633039303937613432613032383864323631376462623432303435366436
30646337643866633533633136393831663036646330626337363532616132666266343230313639
64393032363865366631663735353461656335653261656235393561653361386461643466303731
39303431633534616563363132346163386266393761356132383831666337313637366332323063
32623463323963626238376339336539373137336261653735373239643937396565356461653332
37343834653764653832356435393730323432626533363335623362323738303439326335663234
61383535623634343735646234646262383931333133363139633436333537393132643538643935
32666463383565343035376266626535633962613732333165656664653232626636383039363563
64636637323162636638336366373263393663626365666362666136373534336331623031383435
33323762356431366165373932636638623833373738346530376635333061376436383763353630
33383634333535666162303663393035353430343565613532623938346630303733393830396561
63383831373438346264346461303335343630316366636437623765646366366465646266303335
62643433343964333362323530616261333965363365343964383766623461393561616561396135
38663538613165343532343364383663306163353065666161366364323637666666626432393230
38386565353539356638323835663163336136336434316332656135363433353030326132396564
30656232626266383663343864643361626139636332653336656165363733333035623966626238
34383764663434346636323135623032396531666330336433363230623737653839663535396530
62353437396534303536373732663566353561343835396336623039386637613736376230653138
65353538346134343363373964353864613535646238326634343631663932386366303163373236
37333130326336626135643132663261363933336130363363316234336439626130656639396234
36653939656237666332343164326539323435633565396134626631323965633331323363646434
38613035613165336266666366343038633263396333636237313366366433396133623933386463
66633435663735313764383333396235396361363666626437656237366238646139313063376638
37313861353064353134393835663131643364353930633033346539303533356130383633643136
39316366613364343362336438383461666333656138396430326436633433373163313161656438
38323539656434326335323831333835623438386636313639306433363361663534383963393131
61383230623737333432356234613531363936366261666263366165316637396662373065333535
35343138366631396636333035663637313363303463633631333464386166303538633261633565
35373461333966663261333261323434323966636434336265626166333336386161313363663934
30336366666363336262313566333962666365356639343463346239303665663538366134323035
63623237396165363137363532333331653464393336323733663962396538333163656232353263
35396464393931366435663939303031613734356664326264396137643832653261333466626364
36373164363035343563613633303663396437343831306463313532633730376234616230616136
32383339346339653139636339303664333736373235666538383335366133343934313130373433
33376463383330643261363765613636343537326338376431336464643935663633636533356439
38363731396430643838333032386439393661636539343032623236643233666462326330393536
30316437386566633130616235383735636265383538656666306466326632383663386439303337
65326334393333353165393637353663323034306362343165396362336531363637393235346332
37633435363133393235613262663232393561653961653664333837363566653637643035616334
66353061623639613039663464383836353765343663323261356332326239346462613737383265
31646135643831313264616162383931386331313235323365326230623235653338323163306437
63356662303737633232646137666139366630316630623938363338613735336262393461303936
38663338626535303739333566363262396536343532336261636331653433356335623733313839
34363233303366343933326565343535343262623866363137636662336637623833376437343262
65383135313939313464366338373562343936386437663236646264653263333034343738643937
31353538636565303132623761613464636663363861636234313838373864383537636161626331
37303837306339313836623766353831653035353437356235633330346666303539633561383062
3739363839633161356566366165636235333761633537303265
